280.0625
237.2500
239.8125
272.0000
280.0000
342.8125
272.0000
263.3125
226.6875
346.6250
321.0000
363.1875
278.8750
292.9375
344.9375
293.7500
307.8125
323.5625
218.1875
322.5000
220.3750
237.0000
249.8125
242.8750
254.3125
298.5000
255.0000
311.8125
278.0000
308.0000
282.1875
269.1250
266.6875
281.3750
241.5625
276.2500
272.9375
272.0000
257.5625
229.1875
264.0625
307.0000
313.8750
309.6875
253.0625
291.3750
320.6250
318.5000
306.9375
280.0000
309.2500
306.5625
320.8125
312.1250
303.3750
267.6250
278.8750
322.5625
301.8750
240.7500
194.2500
223.0000
242.8750
297.8125
338.9375
282.6875
356.5000
302.6875
247.3125
257.4375
261.3750
351.8125
269.0000
227.1250
240.8750
332.7500
180.6250
249.6875
218.4375
252.7500
232.0000
259.5625
188.0000
292.0000
261.5000
260.1250
257.8750
215.8125
259.5000
250.8125
238.9375
241.5625
292.0000
268.0625
235.3750
237.0000
231.2500
270.0000
248.0000
262.5000
259.3125
286.0000
268.9375
270.0000
259.9375
357.8750
328.6875
329.0000
345.1875
335.6250
345.6875
307.5000
299.3125
329.9375
356.7500
341.8125
345.4375
351.2500
243.8750
232.1250
304.8125
250.3750
279.0000
294.8750
312.0625
288.1250
314.8125
251.2500
337.3750
344.6250
290.5625
265.7500
253.0625
247.6250
277.6250
262.8125
294.0625
294.1250
272.0625
352.3750
258.1875
274.7500
241.8750
279.7500
293.8750
328.2500
266.9375
309.0625
281.8125
328.9375
277.2500
261.0625
291.1250
262.3750
342.8125
255.8125
323.3750
328.7500
287.3125
270.0000
201.0625
308.3125
218.5000
279.2500
276.6875
251.0000
269.2500
275.5000
269.5625
266.7500
326.6875
241.0625
334.7500
287.0000
242.4375
244.0625
226.0000
243.9375
343.0625
263.3125
247.1250
210.6250
227.6250
250.3125
228.5000
236.3125
259.1875
312.5625
336.1875
244.1250
201.8750
342.3125
301.1875
278.8750
230.8750
214.0000
313.9375
276.6875
251.5625
281.8125
333.8125
324.5000
330.8125
310.5000
307.0000
244.8750
234.3750
259.3750
230.5625
266.1875
196.3750
235.3750
229.1875
222.0000
206.1875
382.8125
275.1875
271.0625
292.6250
291.0000
299.3125
300.6875
306.3750
292.9375
208.2500
274.3125
289.0000
270.6875
340.3750
255.6250
251.1250
292.1250
325.8750
347.5625
308.3750
341.2500
198.5000
190.2500
205.1250
273.2500
192.5625
196.7500
288.9375
244.5625
312.0000
286.6875
341.8750
306.6875
337.6875
302.8750
260.3750
290.1875
258.9375
279.9375
242.3125
362.3125
333.6250
318.6875
269.0000
352.0000
350.3750
291.7500
286.0000
347.4375
313.1250
352.5000
307.0000
306.9375
324.5000
370.0625
313.2500
363.0000
283.4375
342.1875
325.8125
352.1875
241.8125
292.7500
356.3750
344.8750
337.1250
237.0000
280.8750
351.5000
361.6250
335.0000
338.2500
341.9375
330.1250
337.8750
361.1250
344.1250
317.6250
271.8125
283.2500
248.7500
268.9375
260.1250
260.9375
273.4375
261.1875
276.9375
270.2500
238.9375
248.7500
335.0000
265.6875
267.6875
251.0000
267.8125
257.0000
258.1250
230.1250
234.1875
239.0000
266.1250
344.4375
331.1875
279.1875
308.8125
279.1875
247.1875
262.3750
317.9375
328.9375
332.7500
345.1250
300.8750
296.5000
319.1250
342.0000
269.7500
322.3750
309.0625
332.8125
335.0000
287.3125
352.6250
286.3750
260.1250
254.3125
288.6875
320.9375
317.8125
275.2500
237.0625
250.0000
265.1250
233.6250
258.0000
328.6250
282.3750
309.6875
272.6875
350.7500
290.3750
303.3750
281.8125
280.3125
345.9375
332.7500
318.6250
292.2500
290.0000
331.6875
272.0000
322.5000
290.7500
281.8750
286.6250
340.1875
273.4375
262.1875
293.1250
257.9375
289.6250
304.8750
266.8750
305.0000
325.1875
278.9375
275.3125
265.1250
299.6875
270.4375
313.6250
262.7500
340.8750
271.1250
283.4375
293.8125
362.3750
255.0000
324.8125
266.8125
276.1250
207.7500
205.3750
274.2500
281.7500
307.3750
287.2500
259.5625
267.7500
314.0000
225.1875
236.9375
347.2500
262.5000
292.8750
241.8750
279.0000
316.0000
280.0000
330.6250
275.4375
288.8750
279.2500
277.1875
324.3125
267.8125
288.1250
296.1875
275.4375
286.2500
282.4375
305.8750
278.6250
307.0000
238.2500
253.6875
247.8125
231.6250
244.0000
284.3750
217.1875
290.6875
266.8125
276.3750
206.1875
248.1250
307.0000
243.2500
272.1250
272.0000
295.8125
236.8125
315.6250
272.6875
312.8125
226.4375
336.9375
340.3125
253.8125
228.0000
247.0625
221.0000
315.0625
243.9375
292.7500
190.8750
329.4375
337.9375
317.8125
333.3125
336.5625
315.1875
278.6250
328.1875
199.3750
261.0625
235.5000
197.0625
233.5625
234.6875
263.8125
234.0625
252.7500
220.0000
231.8125
309.1875
315.8750
323.0000
335.0000
293.0000
297.2500
281.8125
301.1250
355.1250
300.8125
353.1875
323.4375
328.1875
322.8750
288.3750
317.8750
324.1875
297.0000
335.1875
317.0000
255.6875
325.2500
337.0625
357.6250
282.8125
300.2500
313.6875
332.1875
274.8125
286.1250
327.8750
269.4375
206.4375
304.0625
245.9375
284.1250
234.1875
295.1875
286.5000
331.8750
365.2500
309.8750
323.9375
280.4375
299.9375
356.7500
281.2500
348.3750
327.8125
291.7500
300.1250
311.6875
265.4375
293.7500
303.1250
281.1250
309.3750
261.8750
268.5625
239.0000
302.3125
292.6250
233.0000
310.5000
300.3750
264.4375
214.0000
311.3125
256.8750
295.1875
323.3750
303.7500
278.0000
305.7500
253.1875
252.5000
241.8750
285.4375
272.9375
341.5625
355.7500
340.5000
313.6875
325.0000
255.7500
336.5000
349.1250
328.3750
339.4375
360.1250
338.6250
303.7500
348.7500
315.5000
298.0625
310.8750
285.3750
300.0000
281.4375
306.9375
311.6250
310.3125
311.5625
268.8750
251.0000
308.5625
321.1250
304.2500
305.8750
250.9375
280.5625
318.8750
270.0625
342.7500
301.8750
307.5625
255.0000
277.0625
258.0625
293.9375
335.5625
271.3750
236.9375
218.1875
253.0000
231.8125
253.1875
229.0625
187.3125
278.1250
284.5000
237.4375
276.2500
224.9375
296.7500
217.3750
268.3750
313.6875
381.1875
336.0625
326.5000
367.0000
337.9375
299.2500
347.3125
292.8125
302.6250
341.3750
308.6250
260.5625
329.7500
274.0625
309.7500
243.0000
327.8750
341.6250
272.0000
278.6250
285.3750
277.6875
283.0625
251.0000
281.3125
222.8750
268.1250
279.6250
251.5625
239.0000
280.3125
379.3125
271.9375
292.0000
299.8750
347.5000
257.0000
284.8750
350.2500
328.6250
310.9375
327.5000
308.8750
334.1250
286.0625
339.0625
337.6875
210.6875
313.1250
306.1250
295.6250
356.8125
282.7500
229.5625
216.0000
304.1875
320.6875
371.1250
303.6875
280.3750
291.6250
355.6250
261.1250
281.9375
318.4375
372.0625
282.4375
367.2500
348.6250
268.0000
250.5625
309.0625
291.2500
317.1875
317.5625
335.0625
298.4375
284.0625
259.0000
251.9375
272.2500
244.0000
327.9375
312.8125
296.5625
314.3125
228.4375
264.0000
324.0000
298.5000
248.2500
255.9375
240.6875
267.8750
210.6250
306.2500
307.0000
290.3750
311.1875
255.3125
291.4375
348.0625
349.8125
254.3750
340.0000
337.3125
336.6875
282.0625
279.7500
318.8125
272.0000
288.5000
274.9375
252.6875
228.1875
283.6875
316.6250
266.0000
270.1875
299.9375
246.1250
270.7500
241.4375
303.8750
284.9375
251.0000
248.8750
248.8125
325.2500
327.2500
232.3750
263.7500
254.8750
260.5625
244.7500
342.2500
332.0625
327.8125
349.0625
317.5625
328.0625
327.8125
279.7500
331.5000
327.8750
331.1875
319.1250
319.6875
307.0000
321.0000
345.8750
251.1875
344.2500
292.0000
322.7500
329.0625
349.2500
364.7500
358.6250
385.3125
309.6875
278.8125
272.8125
326.5000
303.1250
388.8750
327.0625
341.5000
344.4375
304.3125
306.6875
314.6250
296.4375
307.8125
317.0625
341.5625
220.8750
238.5625
290.7500
205.6875
239.8750
299.5625
234.1250
298.3125
294.3125
282.8125
273.8125
289.5000
243.9375
264.8125
302.0000
242.0625
271.9375
221.6250
212.0625
300.6250
303.0000
341.8750
294.1875
304.7500
304.4375
286.8125
273.1875
272.3750
293.1250
278.5625
329.0625
272.9375
364.5625
229.9375
205.7500
292.0000
294.1875
318.8125
352.1250
309.0000
251.0000
305.2500
216.0625
221.4375
315.0625
292.1875
212.4375
236.3750
266.6875
271.3750
301.8125
293.0625
284.7500
317.1875
313.3750
328.0625
324.5625
358.3750
307.1250
263.5625
359.8750
358.8125
281.2500
225.1875
294.9375
364.5000
349.5000
231.8125
356.0000
239.9375
247.0000
216.0625
286.8125
281.2500
223.0000
251.0000
248.5625
220.2500
251.0625
313.9375
300.1875
228.2500
279.1875
300.5625
305.0000
314.1250
307.0000
246.3750
283.2500
297.6875
240.9375
253.6875
205.5625
274.7500
295.8750
249.3125
275.8125
246.1250
293.1875
236.9375
292.9375
264.8125
335.1875
276.0625
293.1875
316.8750
274.8125
308.8125
324.5625
293.8750
298.1875
227.2500
279.5000
220.0000
299.0000
302.0000
300.0000
291.5000
282.4375
208.6250
267.6250
277.6875
323.5000
257.8750
268.8750
236.4375
230.0625
255.1250
290.3125
296.4375
310.8125
244.2500
274.6875
332.0000
325.1875
225.0625
266.8125
293.0625
309.8125
328.2500
266.8125
268.8750
286.1875
240.5625
281.5000
305.8750
269.5000
299.8750
305.0625
288.6250
319.0000
295.4375
335.0000
326.0625
308.7500
305.4375
273.1875
294.5000
202.5000
303.6875
294.6875
279.6875
278.0000
246.5000
309.3125
301.3125
325.1875
294.6875
266.5000
235.3750
276.9375
236.3125
270.7500
215.0625
256.8125
204.0625
279.6250
188.0000
191.8125
276.0625
283.5625
302.6250
294.0625
336.3750
355.9375
323.4375
277.5625
340.8750
347.5000
285.8750
277.5625
281.6250
359.3750
351.5625
323.8125
234.7500
251.0000
312.3125
192.8750
245.1250
202.1250
229.8750
234.0000
320.0625
311.7500
308.5000
288.9375
311.5000
286.3125
303.5000
299.8750
295.0000
297.1875
292.9375
288.1250
263.1250
296.0000
291.4375
290.0625
276.0625
304.0625
319.3125
338.9375
327.5000
317.8125
291.2500
332.8125
360.2500
311.0625
324.8750
315.1875
342.6250
299.9375
314.0000
264.8750
279.8750
264.2500
246.3125
289.9375
279.8125
236.5625
309.3125
280.0625
252.1250
285.3125
318.7500
252.2500
247.0000
291.5625
286.1875
257.6250
333.1875
275.8125
236.9375
327.3750
237.0000
336.5000
274.8125
288.6875
255.0625
278.0000
272.8125
291.0625
293.0000
255.0000
325.1250
253.3750
314.5000
291.4375
334.8750
273.8125
326.9375
327.8750
267.8125
195.0625
282.8750
261.8750
277.5625
300.6875
294.6250
223.1250
236.9375
253.8125
259.6875
254.7500
323.6875
292.8125
279.0000
318.4375
323.7500
306.1875
293.9375
315.8125
310.6875
295.6875
299.0625
304.1875
272.3125
338.0625
300.0000
296.9375
325.9375
323.1875
306.9375
297.4375
297.8750
307.8125
274.4375
296.9375
328.1250
298.7500
283.8125
289.1875
249.0625
255.0000
296.1250
225.8750
263.6875
323.5000
276.0000
239.1875
239.1875
294.0000
357.3750
362.6875
336.6875
377.5000
382.1875
315.8750
354.0000
272.0000
273.1250
277.0625
293.3750
269.3125
255.7500
280.8125
283.6250
288.6875
286.0625
277.0000
287.5625
287.0625
322.3750
338.8750
274.8750
344.8125
352.7500
322.6875
329.8125
345.1875
335.1250
335.1875
376.8125
369.1250
323.9375
366.4375
309.8750
359.5000
313.2500
297.0000
256.6250
336.7500
313.3125
254.8125
275.6250
302.2500
295.8125
292.0625
262.6875
286.3750
258.0000
292.8750
268.8125
287.6875
339.6250
256.8125
213.4375
291.1250
261.5625
251.0000
313.1250
320.3125
254.3125
290.0625
295.8125
294.7500
205.1875
186.9375
220.8750
255.0000
252.0000
181.9375
216.1875
262.8125
244.0000
188.0000
232.0000
326.0000
281.6250
283.5625
254.0000
225.2500
273.5625
249.5625
309.7500
309.3125
296.2500
257.8750
251.0000
255.6875
315.6875
288.8750
355.8125
280.5000
288.0000
385.1250
268.3750
292.8750
263.3750
285.1875
276.7500
296.8750
287.6250
316.6875
340.8750
325.3125
307.5625
306.2500
301.8750
280.0625
310.0000
366.9375
361.6250
313.5625
263.0000
312.6250
372.1250
366.1250
290.1875
308.8750
293.0000
291.4375
319.0625
356.0625
324.5625
279.3125
256.5625
240.9375
265.0625
282.7500
283.5000
227.6875
262.7500
258.5000
265.8125
281.3750
313.0000
311.5000
329.3125
340.3750
302.3750
244.0000
263.0000
309.8125
330.5000
260.1250
309.8750
316.0625
300.6875
383.5000
358.8125
384.6875
241.5625
250.8750
251.8750
292.8125
375.6875
230.2500
382.1875
333.9375
309.9375
313.3125
283.5625
294.3750
297.6250
317.9375
311.3750
325.6250
334.6875
256.8750
307.2500
308.3750
243.9375
309.3125
307.0625
313.6875
310.0625
316.9375
258.1875
297.2500
281.8750
239.3125
323.8125
267.5000
309.9375
311.6875
286.2500
267.4375
280.0625
292.6250
227.6875
275.2500
262.5000
308.8750
253.3125
312.3750
306.0000
286.8125
297.7500
295.4375
289.9375
228.9375
241.1875
210.5625
280.4375
257.4375
243.8750
320.2500
303.1250
284.5000
312.5625
308.9375
286.6250
275.8125
269.0625
363.0000
300.1250
339.3125
292.7500
347.2500
351.3125
302.1250
234.1875
240.2500
288.7500
283.7500
329.5000
320.8125
272.1250
296.9375
274.8750
309.7500
251.0625
313.8750
299.1250
309.0625
339.0625
315.1250
325.3750
297.3750
270.1250
286.2500
301.8750
302.8750
331.3125
277.1875
269.1250
324.8750
311.1250
356.6875
301.0000
358.0000
372.9375
364.1875
357.5000
384.1875
351.6875
244.8125
327.4375
337.8125
234.0625
250.4375
329.0000
272.8750
309.2500
328.9375
272.0000
233.8750
231.5000
239.1875
305.4375
236.8750
251.9375
265.8125
324.8750
288.0625
324.6875
311.3750
262.5625
313.6875
302.5000
257.5625
297.0625
260.0625
283.6250
277.3125
277.3750
303.9375
284.9375
283.3125
251.0000
261.4375
311.7500
279.0000
338.5625
311.5625
263.1875
331.8750
336.0000
333.6875
340.0000
268.1250
352.6250
309.1875
302.6250
329.3750
362.6250
308.9375
350.0000
345.5625
313.7500
292.6250
310.0000
330.0625
297.8125
294.0000
293.0000
349.1875
351.9375
293.0625
311.2500
311.6875
311.3750
307.3125
288.5000
321.5000
272.0000
233.9375
280.8750
275.3750
323.5000
363.1875
311.1875
309.3750
345.2500
324.9375
341.3125
351.2500
286.5625
255.6250
272.5000
282.1875
297.0625
248.1875
333.7500
236.3750
276.6875
262.1875
328.5625
320.8125
293.0000
266.0625
328.0000
343.1250
347.5625
337.5000
369.9375
307.2500
300.8750
344.2500
295.6875
204.5625
312.3125
371.6875
345.6875
343.5625
250.4375
300.0000
295.5625
211.5000
229.1875
272.0625
229.9375
322.8125
281.3750
287.7500
261.6250
324.8750
329.8125
324.8125
274.0000
303.9375
261.9375
269.3750
263.5625
299.6875
253.6250
276.0000
241.0625
337.8750
327.5000
270.9375
302.6875
284.1875
297.4375
308.9375
276.3750
303.0000
247.8750
264.4375
304.5000
279.8125
302.8125
300.0000
347.1250
281.4375
261.8750
296.5000
284.6875
345.4375
287.7500
273.5625
382.1250
300.7500
323.3750
300.1875
319.8125
310.8125
303.0000
307.9375
316.0625
292.8125
261.0000
355.9375
329.4375
285.3125
203.0625
288.8125
275.0000
283.9375
268.5625
281.0625
278.8750
274.6250
265.5000
258.3750
287.6250
273.5000
279.1250
346.7500
335.0000
328.0625
302.8750
329.9375
239.0000
304.8750
216.0000
330.7500
297.3750
251.6250
263.0000
303.3750
272.8750
243.0000
232.3125
324.6250
261.9375
246.0625
286.3125
301.8750
266.0625
276.9375
288.5625
319.1875
317.5000
297.3125
338.0000
199.6875
321.2500
302.1250
310.6875
292.1250
310.3750
293.6875
267.2500
293.6250
278.1250
275.9375
304.3125
294.6875
305.1250
223.5625
248.1875
259.3750
307.6250
255.6250
243.5000
307.2500
310.0625
241.3750
263.4375
258.6875
293.0625
295.8125
331.7500
300.0000
340.5625
356.8750
305.6875
317.7500
293.0000
325.5000
342.2500
273.9375
282.0625
289.6875
235.5625
278.6875
252.1250
244.0000
247.8750
265.3750
254.9375
288.6875
276.4375
306.3750
275.5000
238.6875
286.8750
223.6250
284.7500
333.5625
293.4375
287.6875
330.8750
327.8750
294.6875
300.2500
242.8750
280.3750
277.1875
277.0625
251.8125
292.2500
277.7500
277.0000
362.0000
352.0625
304.0625
340.2500
286.9375
351.6875
329.9375
254.9375
332.5000
299.8750
296.7500
309.6250
292.8750
288.4375
276.0000
340.3125
328.0000
265.8125
234.1250
216.0000
268.0625
251.0625
242.1250
291.8125
224.2500
273.6250
240.6250
254.6875
251.6250
302.6250
279.5000
274.6875
304.3125
270.9375
325.3750
277.5000
249.8750
273.2500
360.3125
185.5625
339.9375
242.8125
222.3125
320.5000
272.0000
280.2500
290.6250
251.0000
274.6250
264.6250
363.0000
263.2500
277.1875
327.8125
272.0000
317.7500
303.5000
282.0000
288.6250
280.3125
292.5625
242.6875
287.5000
294.5625
279.5625
285.7500
330.8750
252.2500
219.9375
244.1250
235.5000
235.9375
252.2500
279.1250
251.8750
256.1875
283.3750
324.3125
288.7500
241.1250
288.5000
292.9375
293.0625
275.0000
233.8750
286.2500
331.0625
353.0000
356.3750
285.6875
304.2500
252.9375
283.6875
270.2500
305.0000
223.0000
272.0000
274.6875
260.4375
228.8750
283.6875
260.3125
275.0625
288.5000
268.0000
244.7500
284.4375
299.1875
173.0625
237.0000
231.3125
217.9375
212.1875
242.9375
241.3750
254.2500
306.9375
258.0000
344.8125
277.8750
291.7500
278.6875
273.6250
331.8750
289.4375
287.9375
257.8750
281.5000
280.6875
263.0625
233.9375
251.0000
237.0000
279.0625
294.3750
244.5625
226.3750
251.1250
343.8750
272.0625
317.0000
290.5625
319.1875
333.7500
339.9375
302.8750
277.0625
318.1875
344.4375
302.7500
277.0625
299.8125
306.2500
245.8750
295.9375
306.3750
314.6875
326.6875
317.4375
264.6250
351.5000
266.3125
279.8750
277.1250
352.6250
354.0000
237.4375
359.1250
341.1250
271.0625
244.1875
245.6250
311.1875
246.1875
285.0000
286.8750
247.8125
297.6875
252.6875
267.8750
277.1875
295.8125
294.5625
287.5000
287.8750
276.9375
307.5000
277.2500
303.2500
313.3125
306.9375
371.7500
295.5000
282.3125
297.6875
339.3750
272.1250
348.7500
316.0625
329.6875
309.8125
322.2500
307.2500
296.9375
359.8750
301.1250
323.3750
338.7500
348.6875
332.1875
280.7500
307.0000
325.6875
260.9375
303.3750
287.1875
308.8750
265.4375
296.3125
270.8125
266.1250
292.7500
328.0000
295.0625
323.1250
341.6250
304.3125
326.4375
300.9375
278.5000
293.6250
304.4375
308.7500
319.3125
286.2500
329.7500
305.5625
260.0625
332.0625
285.5625
323.2500
305.8125
344.6875
318.5625
251.2500
289.3125
302.9375
285.9375
259.8750
236.6250
277.3125
288.3125
269.5000
292.8125
295.0625
318.5000
277.4375
302.2500
305.3125
273.6875
309.8750
305.0625
303.0625
293.6250
289.9375
215.2500
306.9375
281.5000
253.8750
305.0625
278.8125
279.0000
282.5625
279.0625
274.9375
316.7500
297.5000
310.3750
306.6250
311.3125
311.8750
310.1875
272.0000
331.5000
315.3125
317.1875
256.0000
233.9375
287.1875
312.6250
272.6875
306.9375
242.8750
271.8125
302.4375
251.0000
269.6875
290.5625
291.9375
266.4375
268.8125
311.0000
292.0000
281.1875
262.1250
352.6875
223.5625
289.3750
262.0625
272.0000
279.0625
255.0625
224.4375
339.1250
283.8750
292.8125
310.1250
255.7500
289.3750
287.3125
302.9375
269.8125
312.6250
297.1250
272.0000
272.0000
359.5000
288.3125
310.3125
285.2500
266.1250
269.0000
286.1250
293.1875
300.2500
351.6875
307.9375
355.3125
303.3750
292.1250
300.1875
334.9375
292.1250
282.6250
356.8125
278.1875
288.1875
332.7500
244.3750
322.8750
307.3125
270.0000
280.4375
303.7500
276.9375
275.6250
323.6250
382.8750
337.3750
277.6875
344.8750
277.8125
306.6250
292.0000
295.7500
352.3125
280.4375
307.0000
241.6875
329.1250
335.3750
323.5000
328.0000
278.9375
314.3750
310.3125
325.5000
297.7500
276.7500
282.6250
347.8750
331.5000
261.2500
267.1250
341.5625
345.1875
242.4375
283.4375
272.3125
238.2500
212.3125
279.1875
292.6875
310.0000
253.2500
255.8125
279.4375
288.1250
357.1250
280.0000
335.0625
364.7500
350.0625
378.7500
312.8125
323.5000
300.5625
379.8125
237.1250
381.5625
255.0000
236.3750
332.2500
421.3750
400.6875
345.0000
286.0000
325.5000
400.8125
356.4375
350.9375
325.5000
383.1250
314.7500
348.7500
380.6875
343.7500
347.6250
353.1875
369.6875
366.1875
317.0000
384.0625
300.8125
401.8750
362.2500
345.5625
425.1875
311.0000
395.5625
363.0000
331.3750
366.1875
376.7500
322.5000
335.0000
303.5625
257.6250
270.3750
225.3125
264.8750
308.8125
274.9375
302.4375
345.7500
372.0625
370.0000
314.3125
275.9375
304.5625
335.8750
355.9375
328.8750
373.5000
298.3125
300.8125
349.0000
360.1250
275.3750
304.1875
393.1250
281.2500
392.9375
296.8125
373.0625
329.8125
366.6250
297.0625
317.5625
355.0000
302.9375
296.1250
293.8125
307.0000
327.5000
295.9375
315.9375
285.7500
323.9375
260.1250
346.2500
284.3125
332.0625
309.6875
324.3750
356.5000
309.5000
309.8125
356.5000
365.1875
376.6875
272.2500
322.3750
359.8750
361.3125
325.8750
309.9375
316.8125
320.8750
366.6250
348.6875
297.5000
328.0000
327.6875
333.9375
369.2500
384.0000
394.7500
346.1875
329.5000
329.8750
330.8750
379.3750
360.9375
312.8125
384.8125
373.0000
312.6875
295.1250
349.3750
313.7500
335.6250
379.1875
311.3125
369.6875
422.3125
406.1250
334.9375
375.8125
333.5625
354.0000
358.7500
328.7500
364.8750
327.2500
270.0625
366.4375
310.7500
357.7500
311.5000
348.8125
292.3750
315.3750
313.0000
372.8750
329.0000
364.0000
340.4375
365.4375
346.8125
338.0000
296.6250
362.1250
288.1250
316.7500
348.5000
309.5625
269.1875
326.1875
265.6250
356.1875
316.9375
289.3125
297.0625
307.0000
371.6250
393.9375
376.0000
383.3750
315.8125
369.1250
330.8750
340.7500
366.1250
383.8125
333.8125
296.0000
295.5000
299.3125
302.8750
359.8750
372.5625
362.9375
332.0625
332.0625
390.8125
369.3125
317.8750
391.9375
296.7500
272.0000
351.1875
287.5625
428.6875
380.4375
291.0625
321.6875
340.7500
381.8125
388.5000
325.8125
367.9375
380.1250
396.0000
384.4375
326.5625
357.1875
310.0625
406.5000
344.0625
380.3750
320.7500
354.7500
319.2500
396.5000
349.0000
348.8750
353.4375
357.5625
334.1250
408.1250
387.1250
353.1875
361.0000
379.7500
333.1875
397.3750
390.0000
263.4375
339.5000
335.0000
408.9375
389.0625
356.8750
255.2500
322.1250
355.6875
255.0625
347.1250
300.0000
320.1250
302.8125
295.8125
302.8750
330.8750
318.8750
292.8750
352.8125
359.1250
366.1875
346.8125
341.4375
325.3750
348.3750
379.6250
279.0625
272.0000
352.5000
393.9375
278.4375
321.8125
329.1250
298.9375
403.1875
367.0625
330.5625
417.4375
388.9375
375.9375
388.8125
364.7500
386.8750
313.0000
382.8750
359.6875
278.6250
289.5000
380.0000
332.8750
311.0000
432.7500
357.2500
356.1250
304.8750
303.2500
316.4375
301.9375
323.8125
400.3125
394.8750
396.0625
392.5000
404.8750
325.0000
420.5625
335.4375
328.0000
322.9375
310.9375
336.1875
327.9375
319.8750
278.3750
282.3750
276.7500
339.1250
272.0000
386.8125
327.8750
278.5625
340.6875
341.2500
350.2500
320.7500
362.9375
439.8125
449.8750
412.3125
307.0000
321.3750
317.3750
362.9375
390.3125
412.4375
343.6875
430.9375
353.3125
391.0000
376.7500
371.8750
355.7500
363.0000
286.8750
358.3750
352.6875
345.1250
365.1250
246.3750
297.0000
353.5625
370.0000
393.3125
307.9375
343.1875
332.8750
408.7500
344.8125
298.5000
291.6250
351.8750
397.7500
359.1250
411.9375
398.6875
382.1250
387.7500
368.8125
368.3750
363.6875
384.0000
363.0000
341.1250
336.4375
335.7500
294.9375
335.1875
351.5000
330.6250
358.2500
311.6875
286.7500
455.6875
453.0625
342.1875
371.3750
308.1875
316.6250
348.1250
395.8125
395.3125
452.4375
382.4375
363.0625
436.6875
382.2500
386.7500
405.9375
368.0000
432.0625
379.8125
300.8750
369.8750
269.5625
384.2500
398.1875
355.3750
337.8125
362.9375
312.7500
362.9375
349.6250
351.1875
332.1250
353.0625
313.6250
387.4375
320.3750
300.3750
248.5625
364.1875
251.6875
296.0625
413.4375
252.7500
393.0625
249.6875
248.7500
287.5000
275.0625
283.7500
339.9375
274.0625
252.8125
411.5000
329.1875
268.6875
388.0000
419.7500
395.8125
311.6875
294.9375
355.6250
333.0000
336.3750
300.1875
305.3125
300.3125
366.1250
314.0000
400.6875
312.3125
400.1875
342.8125
268.3125
356.4375
323.0625
366.6875
396.0000
460.8750
318.7500
350.6875
427.6875
358.2500
378.9375
386.1250
355.8750
321.1250
409.2500
451.1250
244.0000
388.6250
398.8125
380.8750
388.8750
377.9375
376.9375
356.3125
392.5625
330.8125
310.7500
394.4375
356.5000
392.2500
344.3750
321.0000
379.1250
425.3125
309.5625
340.4375
440.7500
410.3750
405.1875
371.3750
333.4375
343.1250
365.1250
372.6875
432.8750
415.8125
426.5625
391.6875
408.7500
341.5625
359.5000
390.6250
337.3750
357.8125
307.7500
336.3750
302.4375
309.8125
331.0000
313.4375
299.0000
336.3125
323.6875
375.8750
397.9375
352.6250
345.6250
413.0000
355.9375
367.9375
373.8125
341.7500
332.6250
394.5000
396.4375
383.7500
379.8125
322.1250
307.3125
401.7500
376.8125
332.1875
383.3125
382.8125
317.0625
334.6875
384.1875
343.7500
334.6250
323.8125
324.8125
389.3750
310.9375
383.6875
324.6875
306.9375
404.9375
397.2500
321.7500
318.9375
352.0625
342.3750
358.0000
337.0625
307.0000
333.0000
384.1250
362.9375
312.6875
299.8125
403.3750
379.5000
435.0625
352.1875
397.7500
386.4375
368.0625
407.9375
400.3750
324.2500
438.8750
366.7500
388.8125
279.2500
359.6875
293.0000
359.8750
363.8125
257.0000
376.1250
332.8750
361.3125
328.1875
414.8750
309.0625
298.6875
297.0000
370.0625
292.6875
309.3125
347.6875
311.7500
428.6875
374.5625
300.6250
341.2500
408.5625
365.3750
404.0625
385.8750
381.0625
349.2500
394.0625
362.6875
426.6250
330.8750
346.3125
373.3750
352.8750
351.3750
294.3750
383.5625
305.5625
399.2500
384.1875
286.8125
303.5625
356.8125
315.6875
317.3125
360.5000
328.3125
302.3750
355.2500
278.9375
395.0000
379.0625
295.0625
374.3750
359.4375
338.0000
349.0000
390.8750
419.5625
368.0625
279.9375
419.1250
378.6875
345.1250
311.9375
267.1250
271.4375
318.6875
310.7500
350.7500
395.4375
379.6875
411.6250
403.4375
405.4375
385.8125
452.8125
352.6875
407.8125
328.1250
267.2500
275.6875
317.9375
261.9375
236.8750
344.7500
275.9375
344.9375
359.5000
336.6875
392.5000
374.1250
242.7500
384.5000
394.8750
415.1250
433.5000
363.5625
351.8750
361.1250
424.9375
350.9375
419.5625
306.8750
349.0625
352.9375
279.5000
341.6875
362.4375
369.6250
325.2500
400.2500
347.5625
316.5000
342.5000
403.7500
309.8125
302.5625
318.7500
429.5000
239.3125
288.6250
292.5625
302.9375
277.1250
279.8125
331.8750
315.1250
332.1875
293.5625
346.2500
356.7500
359.7500
326.1250
285.1875
301.9375
379.4375
344.0625
288.8750
326.2500
185.1875
228.2500
289.3750
353.7500
283.6250
329.8750
302.3750
415.5000
359.1875
308.5625
302.5000
317.3750
301.5625
321.4375
360.5000
309.8125
307.0000
297.9375
323.8125
310.8125
363.1250
272.0000
342.0000
320.9375
376.8125
367.0000
280.4375
320.7500
369.5625
323.0625
291.6250
308.6250
263.4375
251.0000
272.0000
252.1250
330.8750
313.7500
304.1250
326.0625
277.0625
430.0000
322.8750
334.8750
318.4375
355.0000
315.6250
346.0000
321.9375
317.7500
278.8125
276.3750
325.9375
342.0000
319.8750
303.1250
340.1875
321.2500
310.7500
281.5000
297.3125
304.0000
245.6250
236.5000
340.0000
247.3750
293.1875
311.0625
301.6875
293.0000
294.4375
241.2500
281.6875
340.0000
288.0000
340.3125
293.8125
270.5625
297.9375
293.8125
298.7500
316.0000
275.1250
312.5625
285.3125
352.1250
268.2500
316.3125
261.1875
327.2500
324.8125
307.7500
353.5625
356.6875
344.9375
390.2500
348.5000
389.1250
363.0000
348.8125
368.8125
400.0000
379.0625
273.7500
318.9375
260.1875
283.2500
302.1250
293.0625
331.3125
402.4375
281.6250
371.8125
296.9375
311.7500
323.1875
264.8125
293.5625
274.8750
396.0000
335.3125
334.7500
325.4375
302.8125
272.0000
338.8750
328.2500
283.3750
295.8750
372.0625
368.8125
277.8750
352.8125
340.6250
304.0000
311.1875
270.8125
271.1875
334.5000
297.0000
351.7500
351.8125
314.3750
306.8750
314.0000
408.8750
316.9375
308.0000
273.8750
242.5625
310.8750
266.9375
310.9375
259.0000
241.0625
260.3125
270.5000
249.0625
348.4375
344.5625
341.0625
316.9375
255.9375
293.3125
393.4375
347.6875
315.6875
384.6250
269.6875
283.6250
388.2500
282.9375
354.1250
388.1250
398.8750
374.7500
384.0625
360.5000
381.1250
373.9375
307.0000
330.1250
392.0625
337.6250
331.8750
385.5625
294.9375
284.7500
303.1875
279.4375
270.2500
236.0000
303.8750
349.5625
307.8125
246.2500
276.8750
300.9375
379.8750
369.0000
352.0625
299.5625
358.2500
363.0000
304.5000
317.9375
319.8125
335.2500
357.0000
339.1875
270.2500
328.0000
347.6250
281.1250
330.3125
335.0000
279.3125
356.5625
323.0000
248.1250
380.8750
350.5000
282.6875
342.5000
283.8750
268.1875
295.3125
288.5625
255.7500
390.8750
335.8750
261.7500
375.5625
336.5625
305.5000
347.2500
252.5625
323.5000
372.8750
338.8750
373.3750
341.0625
254.7500
270.3750
293.0000
251.0625
248.8125
375.5625
244.1875
423.6875
386.2500
261.0625
280.6250
249.0000
289.4375
264.1875
351.9375
371.3125
375.4375
334.1875
343.7500
338.8125
324.7500
240.3750
320.5625
274.6875
297.9375
322.0625
307.0000
244.0625
302.3750
339.5000
382.3125
357.5625
332.5000
311.3750
263.5000
266.8125
380.5000
349.3125
328.1250
261.8125
384.6250
390.8125
393.9375
357.8125
299.5625
275.8750
207.0625
323.7500
267.1875
306.9375
362.9375
331.0000
338.0000
366.8750
353.8125
314.0000
262.2500
264.0000
243.4375
304.8125
319.9375
346.8125
292.0000
282.2500
328.0000
279.2500
360.8750
291.9375
264.8125
282.5000
262.1875
279.0625
368.4375
293.0000
365.9375
309.3750
312.5000
405.9375
329.0625
289.6250
401.4375
316.0625
282.8750
311.1250
326.4375
372.6250
279.0000
379.8125
338.8750
295.6875
333.4375
312.6875
347.8125
279.9375
218.5000
300.7500
270.1250
449.6875
400.6250
282.1875
387.6875
395.0000
382.4375
242.0000
326.9375
356.2500
326.1250
271.3125
348.9375
384.4375
312.0000
274.3125
319.5000
324.9375
279.0625
304.0000
347.6875
271.0000
391.5625
280.9375
300.1250
312.4375
382.0000
297.5625
359.5000
365.5625
252.0625
215.3125
216.0000
287.5000
316.9375
362.9375
312.5000
352.8750
354.5625
358.1250
332.6875
395.2500
344.8125
373.0000
327.6875
350.3750
316.2500
333.1250
323.5000
283.3125
279.1875
356.8125
328.0000
372.5000
415.5000
268.3750
309.8750
259.0625
348.7500
253.0625
339.0625
341.2500
274.0000
357.3125
305.9375
318.9375
336.0625
295.1250
335.0000
281.3125
286.1875
352.6250
356.9375
411.0000
397.2500
390.8750
287.3750
324.0625
327.6250
384.0625
421.6875
363.1250
364.4375
389.8750
401.6250
368.0625
315.8125
352.5625
382.6875
348.9375
384.5625
269.5625
383.8750
413.3125
301.3125
323.1250
324.8750
337.3125
408.0625
299.4375
281.5000
268.5625
312.5000
312.6875
282.0625
292.5625
289.3125
368.1875
365.1250
312.6875
346.1875
350.5000
366.6250
306.9375
260.2500
383.3125
285.3125
275.0000
357.1875
352.8125
278.9375
408.2500
376.9375
291.7500
346.0625
307.8750
311.2500
399.1250
355.7500
356.0000
390.8750
376.3750
363.6250
291.3125
388.4375
398.9375
401.1250
430.0625
297.8750
374.3125
318.8750
313.3750
326.4375
376.0000
383.9375
420.9375
391.0625
331.8125
360.5625
331.4375
409.6875
432.5000
437.9375
456.3125
307.8750
478.5625
421.7500
313.7500
350.6250
318.5000
395.5625
349.6875
351.6875
320.3125
355.9375
351.4375
420.8750
398.2500
335.2500
319.0625
408.3750
389.4375
366.9375
344.6875
225.6250
403.3125
310.9375
376.7500
351.7500
367.4375
343.6875
322.0625
421.1250
358.1250
427.6875
350.6250
327.9375
318.7500
375.8125
401.1250
310.6875
389.3750
300.3125
357.4375
349.6250
335.1250
344.3125
350.8750
335.1250
303.2500
321.5625
268.3125
319.8125
383.8125
310.6250
307.0625
297.6875
258.1875
328.4375
262.7500
267.7500
255.1250
325.1250
360.1875
328.0000
389.5625
316.5625
331.8125
376.0000
366.8750
356.3750
395.3125
383.0625
369.8750
375.3750
409.6250
401.8750
354.8125
363.3750
341.9375
365.6875
339.6875
335.5625
385.5625
330.8750
367.6875
387.0625
324.0000
311.1250
374.8125
266.1875
287.5625
308.6875
317.6875
292.1250
282.5625
399.6250
343.0000
295.1250
352.4375
306.0625
305.6875
347.1875
264.8750
306.1250
283.9375
437.2500
331.6875
376.6250
341.2500
336.6250
373.9375
377.1250
362.2500
297.8750
337.3750
309.9375
375.6875
340.6875
305.3125
295.1250
363.0000
282.2500
225.7500
270.5625
331.8750
231.6875
335.2500
272.3750
235.8125
284.6875
384.0000
398.3750
351.8125
347.9375
381.6875
345.3750
363.1875
335.3125
337.5625
278.4375
289.9375
315.3125
356.6250
314.1875
354.4375
267.9375
292.5000
255.6250
398.0625
285.2500
269.5000
283.5000
301.9375
302.6875
308.5000
295.3125
292.9375
359.3750
337.5625
363.0000
323.8750
359.9375
348.2500
345.1250
304.5625
347.3750
353.5625
344.7500
328.2500
328.9375
327.8750
321.6250
316.3750
334.6250
272.0625
329.8750
335.5000
351.4375
336.1250
309.8750
332.1250
292.3125
235.8750
235.0000
263.4375
242.6875
268.0000
344.4375
261.9375
409.3750
378.6875
359.7500
345.0000
356.0000
362.3750
400.9375
333.0625
408.9375
351.1875
389.3125
383.9375
280.2500
281.5000
302.0625
253.7500
366.8750
288.8125
284.3125
352.5000
366.5625
368.7500
360.3125
363.0625
364.8750
354.0000
386.0000
327.7500
358.8125
356.1250
358.2500
287.3125
345.1250
295.9375
280.3125
316.7500
309.0000
358.4375
330.0000
407.8750
419.5000
358.1250
409.2500
360.0000
398.7500
361.7500
304.9375
303.9375
352.1250
341.3750
312.1250
354.8750
326.3750
278.8125
360.3125
359.0625
387.3750
374.8750
367.0000
391.5625
357.8750
365.3125
363.0625
398.5625
393.0000
384.6875
378.1250
378.8125
391.0625
360.8125
294.2500
289.8125
419.2500
371.1875
308.3750
360.3125
305.0000
328.5625
271.1875
368.3750
271.9375
269.1250
303.8750
387.3750
275.7500
291.8750
284.0625
339.3750
282.1250
270.8125
307.8750
303.0000
345.6875
321.8750
351.1875
356.4375
280.1250
279.6250
233.9375
331.4375
321.0625
341.5625
357.8125
326.8750
324.8125
259.1875
294.3750
297.3125
291.8750
263.3125
327.0625
306.7500
367.1875
331.1875
354.5000
305.6250
307.0000
300.1250
393.2500
365.9375
344.8750
418.8750
326.0000
432.3750
285.4375
318.2500
309.2500
386.0625
334.9375
315.0625
434.4375
369.6875
327.8125
250.9375
324.0625
244.6250
316.5625
394.1875
313.8125
409.2500
325.8125
280.5000
363.0625
390.9375
399.0000
321.1250
392.9375
414.1875
334.9375
442.4375
287.0625
338.5625
304.9375
308.9375
408.8750
370.3125
345.0625
373.9375
352.6875
379.7500
348.7500
371.5625
368.7500
373.5625
363.0000
378.1875
335.1875
284.3750
456.6875
447.5000
294.2500
267.0625
367.3750
453.6250
297.0625
375.5000
289.3750
370.8750
395.3125
410.5625
398.3750
356.7500
379.0625
320.7500
300.5625
318.5625
354.0625
286.6875
327.5625
272.6875
361.3750
310.3750
332.8750
359.3125
320.3125
356.8125
411.7500
386.0625
275.4375
349.1875
369.6250
384.6875
323.3125
379.0000
353.0000
347.6875
358.3125
310.0625
337.0000
272.4375
260.0625
253.1875
258.8125
249.0625
313.0625
284.7500
302.0000
304.5625
355.8750
373.6250
311.9375
302.6250
268.1875
315.9375
271.8750
349.0000
359.8750
308.6875
298.0625
322.6875
311.6875
266.6875
266.5625
339.2500
376.6875
344.5625
296.3125
358.0000
295.1250
331.1250
361.8750
337.3125
298.6875
352.2500
404.3750
383.9375
395.5000
396.3125
417.2500
362.9375
377.4375
399.3750
330.0000
383.8125
403.3125
323.5000
376.9375
307.1250
412.8750
328.0000
356.0000
381.9375
323.9375
361.0625
333.9375
374.8750
414.5625
366.5000
422.6250
319.7500
369.3125
348.4375
308.8125
366.9375
237.0625
286.6250
256.0000
338.0000
349.7500
356.1250
231.3750
377.3750
308.6250
299.8125
397.9375
279.4375
378.4375
413.0000
410.1250
409.5625
266.1250
293.3125
383.3750
390.1875
310.3125
347.0625
359.9375
337.6875
341.1875
348.7500
367.0000
324.8750
318.8125
344.9375
324.0000
367.7500
353.3750
301.4375
328.1250
302.7500
314.0625
292.8750
328.1250
316.6875
340.8750
328.0625
322.8125
334.9375
290.0000
407.5000
311.2500
345.0625
374.6250
281.6250
312.2500
366.5625
302.9375
315.5000
334.6875
285.3125
309.0625
393.5625
346.0625
329.7500
330.5000
355.1875
264.6250
385.6250
330.0000
283.3750
341.3125
336.3125
330.4375
358.4375
274.6875
328.0000
256.1250
302.6250
266.8750
335.1250
356.8125
454.6875
345.7500
329.0625
323.8125
351.6250
355.8125
310.0625
356.0000
390.6875
300.0000
341.5625
307.8750
352.0000
356.6875
289.2500
365.6875
350.0625
314.5000
283.5000
310.8750
319.0000
341.8125
344.1250
272.0625
321.1875
316.8750
327.1250
388.9375
374.6875
349.6875
379.8750
307.0000
324.1250
329.3125
328.0000
355.9375
312.1250
329.5625
309.0625
318.9375
324.0625
346.9375
255.9375
306.9375
375.9375
311.8125
261.5000
294.4375
306.8750
294.1875
307.0000
374.3125
374.6875
361.7500
314.0000
302.5000
279.0000
319.5000
333.0625
243.9375
367.5625
346.5000
368.1875
246.7500
312.7500
324.6250
351.5625
317.0000
307.0625
322.1250
306.5000
287.6250
341.1875
268.5000
314.7500
268.3750
273.8125
373.7500
364.8750
356.0000
375.7500
358.0625
335.0625
350.1875
361.1875
340.1875
335.1875
314.4375
323.5625
344.0625
323.1875
320.0000
315.1875
300.7500
299.7500
327.6250
319.8750
399.3750
367.6875
407.8125
378.0000
368.3125
357.9375
405.1250
415.0625
396.1250
374.3750
409.7500
309.0625
355.5000
351.8125
295.3750
327.8125
304.1875
305.0000
373.4375
401.5000
344.3125
352.4375
343.3125
335.0625
351.6250
382.8125
319.1875
362.3750
404.8125
308.6875
372.6250
367.0000
362.6875
415.9375
356.5000
349.9375
369.7500
385.7500
318.0000
299.5000
386.7500
357.0000
353.4375
356.4375
382.7500
285.4375
316.0000
381.5625
262.5000
349.2500
295.2500
319.3125
364.0625
342.6250
316.0000
345.1875
296.1875
286.8125
243.2500
225.0625
244.3750
305.8125
196.6875
256.3750
194.3125
300.3750
217.4375
293.0625
298.5000
367.9375
310.4375
337.0000
330.6250
396.4375
328.0000
367.3125
435.1250
380.8750
350.9375
323.3125
352.4375
325.0625
311.6250
330.1250
321.3750
312.7500
298.2500
367.0625
316.2500
351.1875
292.1250
290.6250
318.4375
388.3750
351.0625
273.0625
350.0625
386.1250
310.9375
378.8750
363.0000
271.9375
372.6875
364.0625
392.8750
326.5625
364.2500
387.1250
333.6875
405.9375
282.6250
294.8125
324.8125
262.2500
276.6250
285.2500
328.0000
325.5000
327.1875
378.5625
382.2500
306.8750
282.1875
361.3750
332.3125
362.2500
320.0000
315.9375
352.0625
384.3125
308.1250
341.0000
334.5625
367.9375
362.7500
324.0000
361.5625
333.5625
375.1875
309.0000
324.0000
384.0000
333.1250
313.1250
266.8125
270.0625
322.2500
272.5625
283.5000
295.8125
305.6250
305.0000
410.8750
266.8750
259.3750
301.5000
262.3750
248.1250
366.9375
346.1250
338.2500
378.4375
280.0000
252.3125
279.3750
259.0000
256.5000
330.7500
318.5625
385.8125
377.1875
362.8750
375.3125
356.5000
357.9375
432.6875
376.3750
324.8750
384.0000
302.6875
358.1250
355.8125
324.0625
335.9375
307.0000
423.8750
313.3750
303.7500
318.4375
353.3750
403.5000
363.0000
305.3125
310.0625
391.6250
363.7500
277.8125
386.7500
328.7500
384.0000
347.8750